483
470
448
472
477
466
447
473
502
459
473
472
524
475
481
424
443
482
479
447
490
493
486
466
453
456
467
457
476
445
541
450
454
449
490
473
483
471
459
493
470
450
444
492
461
466
491
498
461
472
471
471
456
488
473
451
444
473
451
435
480
500
498
468
444
474
443
453
523
469
469
435
545
444
457
466
479
457
508
460
474
444
437
495
480
458
477
471
477
500
467
510
474
424
458
453
474
462
486
463
467
458
465
485
460
486
463
468
453
457
463
486
470
477
465
447
471
455
437
499
482
458
442
475
467
471
476
478
442
474
439
414
460
497
487
469
488
477
462
481
476
478
495
448
449
474
471
483
473
463
441
473
456
483
455
491
445
482
462
453
467
477
463
469
449
451
477
461
490
465
460
486
452
484
499
451
467
465
503
467
445
456
453
457
482
452
445
472
482
457
482
455
490
470
474
459
464
484
475
476
489
454
480
454
476
499
454
456
443
446
503
472
505
476
458
464
462
487
457
503
457
482
468
461
479
453
497
499
444
501
484
466
471
459
462
490
441
444
455
475
419
500
452
496
481
488
484
462
488
462
505
499
472
446
476
430
522
447
425
448
481
480
453
488
463
507
506
491
463
467
467
467
470
472
467
506
502
491
466
491
457
460
491
452
433
478
443
466
451
471
473
455
460
488
479
469
480
499
459
478
454
453
458
484
469
448
454
488
466
486
491
438
461
488
483
476
515
467
460
441
457
465
435
483
459
487
460
477
486
442
465
462
469
442
435
451
477
470
445
495
466
503
412
467
466
488
474
467
499
466
500
487
503
448
425
454
485
450
464
469
425
503
446
492
482
463
469
424
448
487
474
484
440
467
492
494
467
452
455
488
474
471
474
471
449
485
456
417
481
448
481
466
455
478
487
433
509
519
454
466
474
466
445
449
452
475
487
465
444
430
476
457
498
474
463
476
468
467
476
469
463
462
443
474
479
469
458
474
466
476
492
479
479
497
420
486
448
460
472
519
504
489
486
471
502
446
514
444
465
477
497
503
481
502
450
473
469
478
459
501
481
452
482
455
455
470
473
460
475
467
476
432
446
496
473
467
470
481
479
456
465
465
440
505
484
449
460
502
479
452
474
458
479
452
474
426
471
488
461
475
440
461
454
448
459
473
478
526
461
483
497
476
463
478
479
429
499
484
487
443
505
454
460
465
450
471
489
467
503
455
464
462
447
459
439
453
436
450
458
465
468
442
494
452
465
470
491
519
477
486
444
494
450
465
450
452
487
434
458
484
486
442
483
490
461
460
493
499
467
508
489
466
508
445
484
448
469
496
469
491
456
480
490
467
437
530
441
476
456
463
466
444
466
490
450
476
475
466
449
493
451
462
485
494
472
488
474
462
457
441
495
487
461
456
477
464
468
433
463
484
458
479
459
469
452
458
479
477
454
482
466
480
437
495
483
435
468
494
485
452
515
491
454
485
478
467
477
441
484
482
456
470
448
471
486
452
436
464
486
496
468
477
467
491
479
475
478
438
440
436
446
502
460
481
512
466
496
511
500
464
442
500
497
466
469
463
466
461
462
466
470
469
482
458
437
476
510
465
433
470
473
416
480
445
472
435
480
438
477
496
462
441
470
490
488
473
445
454
490
421
454
487
494
418
458
443
472
461
466
495
463
485
474
464
439
437
455
486
478
483
469
482
461
478
463
466
464
476
491
467
409
480
471
472
458
472
489
470
469
452
482
483
498
492
481
476
493
487
439
447
468
444
446
498
472
471
472
459
470
475
463
468
494
453
459
494
461
455
458
529
448
436
485
464
459
490
488
492
440
458
448
444
477
488
477
519
469
447
480
468
478
475
478
469
471
447
460
460
464
498
452
474
456
445
478
456
489
456
418
452
460
441
491
456
420
494
479
466
448
439
446
496
496
480
482
478
510
488
456
442
437
467
466
445
479
452
477
467
495
493
480
450
466
469
444
445
489
449
373
452
476
469
460
463
454
464
483
465
462
456
499
477
516
493
458
501
478
420
473
474
470
500
466
457
462
477
491
496
452
485
466
485
471
462
458
467
461
454
483
499
508
462
466
443
515
453
462
480
455
463
433
451
512
456
460
445
468
482
461
472
476
487
466
429
493
481
502
435
455
464
460
513
458
500
464
452
507
465
473
517
477
483
464
470
470
497
450
480
490
458
480
452
504
501
492
446
462
518
488
453
452
436
452
482
459
467
486
488
428
446
475
474
453
473
447
489
489
454
476
467
512
458
516
474
494
493
463
455
460
467
