970
913
950
970
970
928
919
935
1036
954
1013
973
1097
985
957
897
923
991
961
866
982
1028
998
932
874
891
936
960
961
888
1120
935
951
891
978
941
987
966
910
1019
945
918
883
989
920
998
957
957
956
965
956
1004
916
972
959
875
884
943
925
891
929
1061
1010
948
847
948
905
936
1047
977
884
866
1083
929
901
958
941
903
1003
954
969
931
938
1020
1000
950
1001
957
964
984
938
1025
998
877
948
933
981
940
965
896
969
927
911
1034
974
954
931
901
945
928
908
995
953
996
911
901
996
912
887
1023
970
923
882
949
937
935
977
964
842
953
835
837
932
1047
977
985
971
946
1004
940
975
944
1036
889
923
1010
960
989
975
961
927
1003
939
990
898
968
906
991
967
911
945
912
951
891
985
940
972
981
986
976
922
1000
872
994
951
935
906
945
1027
961
883
959
942
967
973
893
913
981
945
916
1024
981
1057
964
1007
973
956
1057
918
992
965
943
945
912
967
1008
940
935
919
888
991
967
1108
937
943
941
960
985
943
1060
892
1008
938
909
965
892
1024
1000
887
979
943
956
930
951
951
987
862
845
939
957
822
1027
968
1027
987
992
982
935
1008
883
1025
997
1013
913
953
864
1059
892
819
869
954
946
905
973
921
1064
1072
1010
948
875
924
962
972
928
935
1023
1045
1025
955
1006
952
920
1020
914
871
943
868
967
950
942
1015
947
972
961
953
962
1021
983
970
999
880
892
896
954
989
927
909
996
914
1014
1012
872
933
991
949
1022
1001
953
981
853
957
949
892
982
892
975
946
953
1009
823
985
914
980
896
883
862
948
953
886
1020
934
951
834
960
876
976
1014
935
1002
886
973
967
1063
918
842
896
1012
911
923
954
836
1026
881
945
985
940
939
862
896
995
945
961
844
906
1031
1008
926
943
888
978
976
999
973
963
895
964
925
827
956
889
1013
922
931
959
968
880
1018
1058
894
926
979
930
894
944
937
1012
980
909
892
861
958
924
974
969
957
996
934
1004
973
960
939
846
902
949
957
925
897
946
965
961
1036
934
961
962
895
1004
970
890
969
1060
988
927
1027
961
1028
911
1042
899
880
914
986
1058
1000
1057
871
919
953
978
881
999
984
877
1005
929
929
995
976
928
1009
893
919
924
923
1055
945
948
975
971
983
896
995
961
855
1065
1021
887
918
1040
1025
886
978
970
928
892
1035
770
931
976
897
931
899
908
957
890
981
947
925
1085
974
991
995
934
943
980
968
871
982
999
1032
885
1025
897
934
951
947
955
973
963
1063
894
912
952
899
964
888
950
904
913
920
947
984
818
952
905
983
917
985
1046
980
1002
930
980
879
960
937
909
983
888
928
971
1015
886
976
990
955
909
985
981
952
1039
1009
931
1000
869
927
884
918
1009
951
1018
894
965
994
943
965
1120
898
956
965
877
976
930
975
1069
911
940
944
954
895
977
949
913
1008
1023
971
977
983
999
946
893
1032
1014
942
924
954
963
924
923
925
980
882
1019
917
950
960
949
950
942
903
1007
916
996
899
1003
979
851
919
1007
981
894
1062
994
924
957
938
992
980
864
969
1013
925
997
926
983
982
891
885
890
987
1066
908
999
946
1003
985
956
965
923
917
884
981
1037
957
992
1086
1033
974
1036
1059
906
905
1014
1026
892
983
916
950
905
952
957
951
952
994
901
898
983
1052
945
931
950
958
846
967
975
986
852
1005
891
963
993
929
948
899
994
1027
1011
901
922
1013
864
959
1032
993
821
923
912
985
942
923
1031
968
1001
952
941
851
892
878
1009
952
984
887
950
928
975
938
972
938
996
999
943
815
1024
980
986
890
931
992
958
921
916
988
1021
974
941
985
938
1008
987
870
902
924
939
894
1000
939
947
957
913
952
968
928
922
1043
925
923
954
961
927
924
1092
897
884
1044
982
915
1065
949
1030
959
930
893
897
964
1016
961
1125
965
927
961
953
928
928
986
995
988
878
925
899
926
1048
891
1002
941
871
975
956
1025
921
842
910
916
863
973
946
856
1003
917
1017
913
892
910
1009
1028
966
985
952
1041
1011
951
909
884
1001
915
871
987
942
915
904
1019
979
1031
870
927
1000
877
881
999
910
745
868
963
997
908
945
907
945
960
987
934
910
967
968
1083
1018
947
1005
1033
867
967
932
929
1011
935
954
917
973
991
979
948
969
926
999
959
979
899
950
936
957
991
978
1032
981
971
897
1015
904
931
981
909
916
879
945
1074
936
905
934
946
973
984
930
1020
998
916
883
985
998
1027
856
955
959
889
1064
911
1007
951
869
1011
954
975
1074
971
947
937
985
960
1010
876
960
1024
894
937
906
963
1044
1030
910
976
1041
992
940
891
868
902
984
960
961
965
982
863
907
983
968
876
932
897
990
1002
948
957
958
1017
911
1074
995
971
1039
954
928
865
953
